333
81.516
404 320
610 43
545 289
441 295
67 590
255 574
3 462
606 314
656 278
473 140
29 571
79 442
428 70
175 560
97 552
251 619
311 338
101 356
172 580
297 378
331 650
370 208
78 548
184 576
514 153
638 107
98 566
2 448
658 222
503 250
647 37
654 36
205 502
454 21
269 440
182 500
529 74
615 333
612 20
451 118
439 310
569 68
567 293
387 22
411 77
523 242
223 628
414 298
213 599
491 50
640 145
624 106
73 637
467 329
554 296
379 139
490 244
534 266
531 123
460 178
185 578
93 339
614 284
415 260
211 348
227 355
254 646
85 570
400 41
434 177
179 438
600 202
663 324
142 498
149 337
412 170
1 344
195 492
31 340
194 659
55 391
435 258
633 119
114 639
228 519
281 521
163 374
452 279
397 34
657 180
493 146
274 630
629 143
557 256
513 239
367 102
132 386
510 265
362 197
443 152
625 303
306 373
476 130
328 437
150 399
312 406
543 15
506 241
273 421
315 652
6 595
191 363
204 343
176 488
10 579
56 389
483 125
322 617
235 402
586 42
661 171
350 288
290 396
286 424
199 641
573 280
398 49
359 229
621 46
642 87
450 210
520 307
26 583
468 233
505 323
501 308
388 40
220 645
121 430
538 203
262 594
126 395
559 226
232 447
592 135
169 413
276 405
259 384
593 282
275 588
540 186
224 394
544 63
357 267
53 536
648 28
360 321
466 141
58 568
622 48
497 166
662 16
618 291
422 117
158 410
341 304
147 368
436 17
305 487
69 643
59 433
206 627
23 499
553 24
585 71
60 352
420 151
518 115
112 372
377 236
238 366
589 193
61 469
196 609
94 572
285 605
216 461
9 347
33 516
515 105
336 127
52 591
530 11
317 604
458 162
240 533
494 165
631 217
463 35
575 299
230 607
364 128
246 365
526 332
345 75
134 601
300 664
444 212
496 167
136 556
283 602
603 173
597 95
611 313
649 91
200 598
264 509
651 25
361 88
161 532
164 427
62 511
584 27
174 504
551 245
110 528
335 103
18 342
539 247
181 457
39 479
57 636
30 620
325 423
660 82
390 237
381 113
527 257
80 385
120 480
287 481
301 508
465 89
474 51
319 358
522 83
248 626
190 371
129 351
5 485
272 419
550 96
32 416
425 214
215 418
122 665
271 581
183 582
81 470
209 453
403 156
72 644
201 564
484 108
189 562
376 116
507 44
542 294
409 104
623 155
489 7
431 12
45 608
537 218
133 565
109 563
111 459
353 76
160 429
558 137
475 4
354 157
327 417
243 547
546 187
426 231
219 445
472 131
84 541
512 263
207 616
478 8
188 635
292 486
261 408
86 632
666 268
316 407
13 392
65 401
446 326
634 253
495 38
234 587
330 369
92 549
383 19
66 596
302 482
346 249
318 524
192 561
577 168
464 99
221 393
148 349
525 90
154 449
309 432
159 471
14 380
277 653
225 613
64 477
138 456
252 535
124 655
555 47
375 270
198 334
54 455
517 100
144 382
