3333
30.8429
3949 2620
5774 2553
4172 575
4233 256
3213 5455
1864 5015
3585 3232
1343 3931
4866 2583
5372 2466
1899 6110
1453 3980
3699 2727
442 5164
5100 2675
3938 1719
4435 68
6379 1581
3317 5926
2696 3861
2663 4597
1509 4896
2712 3565
1389 3575
2593 6567
2080 4725
2707 5701
3293 6128
2833 3620
6442 183
3177 3933
4551 2503
5625 1500
3242 4336
2144 3697
1279 4968
4265 2632
3328 5852
862 3840
1818 4615
3990 591
6505 463
3704 2554
3179 3534
2014 3952
6015 1110
2052 5345
2965 3406
782 6598
6248 2763
5105 981
6028 1815
5551 2401
4904 2469
6417 2789
4855 1274
4737 734
6464 345
5167 2462
3659 86
4134 3082
5159 3181
1282 5606
1661 5036
2962 3810
5185 2174
6323 4
296 5453
4412 1423
44 6357
1691 3982
2545 4859
4691 2640
810 5779
4617 2649
30 4169
1756 5573
141 6352
958 5476
1598 3969
3255 3424
5212 678
607 4527
6039 2199
4019 561
290 4832
2694 6162
1684 4381
3782 2059
1562 5463
5508 2725
3298 6342
6081 2523
107 3591
6066 1264
1089 6214
6446 356
5660 3062
56 4906
4496 2371
6102 1022
4817 415
2684 4436
968 3497
5204 2137
5412 3008
4349 2688
5691 1158
146 3429
6256 625
4162 647
3479 2243
1843 5230
4221 571
3547 2689
3631 1682
6338 1623
2238 3988
5481 2510
5257 1753
5949 671
3061 4924
5019 916
3112 4055
1501 4599
4420 743
5740 1520
171 5711
4492 2319
3825 1036
392 4747
2917 4782
822 3920
3111 4531
1145 6163
3780 1837
1364 5654
5002 2356
1425 5593
5255 715
2341 4411
660 6625
2288 4550
2378 6656
275 5860
1042 4377
5069 2978
4177 2445
4509 1160
1148 6268
2607 4716
5644 255
6616 2633
2931 3629
401 3335
4124 299
4399 629
5903 1139
2813 5464
1071 4393
3051 5125
4768 2698
3421 3210
1791 6621
2306 6063
3269 4871
6533 611
6087 657
5330 2788
702 4071
5867 279
4771 1206
5976 2284
1293 5849
1580 6299
5059 3333
2639 3872
429 5235
315 4513
1169 3612
572 3866
970 4735
2499 5837
6076 2764
3441 870
4374 1726
5247 2776
5138 2354
5512 1807
3475 443
3927 1375
3469 1424
80 6368
4647 2119
4976 1839
5966 714
5653 71
1072 4117
6265 1153
3967 176
2307 5577
3684 441
3338 1643
4049 1253
4505 501
6485 1380
5242 2330
2979 4140
1620 3609
3892 3190
6034 1748
3705 2680
4470 2841
2075 3607
5054 2821
668 5562
3636 224
3341 1037
3431 270
1120 6021
2208 4706
685 4193
6295 848
2270 4625
5017 1884
1426 5163
2784 3983
4530 2954
956 5543
1069 5175
3302 3993
6377 937
798 5716
5480 2204
1831 3882
4990 2851
1342 4833
2220 6346
1803 5713
1028 4925
1634 4353
2944 6016
1388 3727
2994 6634
1367 3709
6184 1060
1210 4576
474 6019
1136 4948
4338 1088
3178 3603
546 4018
3738 2744
5566 1394
4606 2408
2969 3506
6401 3277
6171 567
1213 3526
2674 3757
6255 1976
1808 3981
1241 5294
4291 2201
4473 321
659 6125
2672 4066
2490 5500
1372 5766
3118 5130
2692 6020
5315 1203
449 5044
931 6615
1383 6192
1319 4903
2180 6056
4135 1265
4010 3026
6251 2218
2735 3407
3383 794
6252 2795
4315 2619
4679 826
5077 2216
4934 1996
3456 1745
4671 1561
4301 42
6572 2246
3474 3124
4604 1467
1032 5902
3921 3283
4237 2828
6278 3296
2384 5560
6437 1432
5447 1018
5001 1752
4548 214
3708 913
3773 228
5325 2185
4796 2403
5473 1570
766 4819
5881 1550
3676 3033
1589 5678
3423 2265
338 5474
5043 2868
3457 2966
1177 5797
6147 1739
5181 1846
5034 2838
2579 3491
3045 6144
1912 4879
1221 6501
1370 4974
1710 4209
1977 4632
924 3621
796 6217
2853 5989
3626 1107
3330 5090
5416 2702
3371 2540
3450 2037
6380 978
5798 2281
4262 2131
6428 3168
5209 2457
4742 455
4006 2494
3107 3794
4321 22
5445 2266
5964 334
6321 2126
6549 1362
6239 2088
5725 1720
6176 1985
3767 1256
600 3942
6589 977
1889 6498
1466 5753
4179 1461
3537 2421
4788 2236
5094 3085
4519 1034
6632 2773
6349 212
4346 1644
1058 4840
2194 6608
4661 3021
2279 6609
738 4602
2470 5959
4584 725
3633 1403
1774 3610
3480 1557
4454 1438
3661 259
2529 6188
6502 2272
4096 2116
6085 731
3234 5632
4444 153
3548 1680
6419 1243
4121 3130
3323 5407
4567 1929
3761 817
3462 181
4836 3078
507 3611
2799 4940
341 5898
5539 1179
5951 1954
1186 5013
5319 242
6101 1358
3732 851
6156 3162
5406 422
5296 2127
274 5594
3076 4241
3517 2449
6222 774
4285 2347
3868 126
5191 236
3340 3046
4605 2051
3652 1970
6610 2775
6423 871
6096 484
3550 684
4935 748
6261 3289
2073 4058
4467 2456
5770 1183
5280 2565
4449 403
5303 1345
736 4967
618 6241
2229 3580
5626 1421
6270 765
5527 2574
6411 2700
6273 1338
5362 57
16 4406
5866 2989
4510 3132
5717 2040
1751 4153
390 4761
944 3792
5232 323
4773 3209
5772 1965
5765 1350
5520 1381
4248 2715
2897 6142
881 3625
1928 5203
4271 2957
1294 3971
2742 6385
5936 3207
5146 2370
5441 1119
4463 147
2098 6415
2178 6231
6134 1341
840 4017
1468 6235
2432 6294
5569 3071
1708 6382
3370 1628
4187 1578
4984 2065
5427 2122
2054 3809
2664 4371
914 5834
5040 1630
3574 43
3025 3504
1951 5608
2453 5891
1234 6424
1460 6112
351 3473
3011 5399
6167 289
5868 2034
4101 1619
3521 2592
11 5302
1017 4807
4998 544
5468 1675
5922 2961
4276 205
4952 1709
4898 1377
4850 2123
3482 699
4437 144
4013 3314
3135 5746
5676 349
6383 1533
1917 4293
195 4376
4641 1411
1984 5690
2343 4626
1903 4542
3666 3332
3389 3054
4288 2971
5620 1480
1727 5695
631 6075
4160 7
1701 4318
3957 1933
6581 1825
6432 2723
6404 926
5668 807
4651 1636
177 5352
2063 4793
2154 4843
124 4459
6414 261
5522 243
503 4051
651 4645
154 5220
2275 4100
2548 4351
5947 3159
874 5079
3325 4380
3000 4826
884 5318
3115 6327
3 3392
2072 5720
5037 1117
2128 5131
2391 6495
3223 3405
2673 6018
2440 5225
5826 2322
2157 5875
192 5559
6659 3145
2522 4682
1935 3361
587 4280
1688 3583
2302 4638
5434 2893
6602 3069
179 5548
1964 5538
5149 1521
1625 5755
2501 4950
2383 4272
5877 3153
2896 4457
902 4657
673 3906
287 6200
3818 1094
2454 5888
5655 827
5403 1717
3831 2132
5929 1086
6300 1463
4814 2618
1149 6644
1648 4261
51 3753
5763 887
2475 5426
3117 5458
1023 6564
2 4627
2374 6389
2417 5381
3049 4020
200 6002
4897 2443
4672 1422
1870 5390
307 5706
198 6606
2136 4079
2669 5293
1875 6607
1235 5698
5814 2179
3136 5456
4932 3114
494 5920
2586 4893
5673 1046
5855 2258
1201 4740
3042 5871
5811 1259
5771 799
3843 2191
3404 2444
4322 3157
6641 2299
2891 4824
2881 6430
3336 2647
3514 1
1346 4543
6426 1233
5439 2125
1814 6079
4499 800
975 4303
2358 5218
2690 5168
2087 6592
927 3363
1448 5965
4278 1901
3764 1038
720 5012
3285 3500
1237 4930
332 6113
1242 4486
1987 3842
3315 6451
1515 3986
3105 5776
6145 2918
1731 5211
4931 969
2667 4791
3139 5633
2638 4728
266 5718
1876 5113
1622 3885
5092 1983
1239 4890
2099 3759
2074 3619
4575 2569
2016 5405
2155 6364
2777 6559
206 4341
1329 4061
1867 6490
1111 4208
311 3953
935 3884
1841 6455
223 4594
108 5322
3946 75
6305 119
1801 5347
3829 3106
6580 2783
69 5958
4821 3270
5859 412
5489 894
524 3781
4698 1005
1792 3348
4701 1819
78 5117
641 5742
2164 6658
1039 5616
3122 5727
1936 5312
3313 3902
2362 4145
2019 4089
2996 6237
4021 1246
830 4642
1318 3355
5984 2636
2411 4783
2228 5028
5597 2292
2172 6225
1786 3576
6652 2335
1988 5523
1244 3508
1826 4166
957 5193
2346 4295
1764 6448
3200 6215
3300 5733
1891 5583
3072 6025
846 4479
2245 4693
858 4113
5183 3030
4114 2113
4036 493
4580 841
1063 4929
1705 4313
2925 6344
1003 6409
3164 3744
3602 622
6661 1610
1127 6328
291 3918
1724 6626
47 5411
4090 1597
1070 4152
1823 4869
6082 2205
6512 574
5840 451
1361 5371
1750 4610
4084 1660
4108 990
6454 2430
3945 3252
5316 211
2012 4211
304 5689
1366 5973
5259 1545
2210 3623
662 4489
1793 4260
1773 6109
1986 4534
721 3934
2182 4619
1766 6372
4198 1689
4905 642
5122 360
3501 1384
6127 2832
1400 5459
3009 5032
723 3886
643 4194
869 3360
2163 4868
4607 2748
122 4574
2964 6126
2751 6004
3020 6478
2353 4200
285 3691
1669 5344
1365 5715
4032 1288
1296 5248
2906 4136
5190 225
5650 431
3937 732
2264 6546
941 6137
4523 399
2181 5618
163 6053
5554 397
3287 5942
1744 4680
753 6267
1549 5289
2608 3936
1632 4464
754 6060
4040 444
4844 2076
4074 1834
2558 6457
6544 413
3824 2048
6463 1685
2036 3509
655 4075
37 6487
2083 4230
6312 2886
3174 4629
771 5314
2824 4993
570 6550
1151 4046
976 6420
900 5478
2867 3879
2889 5010
2617 5119
3284 4526
2935 6281
3184 4378
986 4753
416 6003
2480 4944
280 6277
257 6469
698 4171
5946 1059
4991 2986
1168 6073
3962 2225
2709 4729
459 5301
1142 5760
172 4386
2585 4247
3247 4026
281 4726
4001 1129
3814 2521
2624 4621
2316 6074
5681 3276
6665 891
5364 1646
6194 2477
3939 1513
792 4522
6289 3239
1725 3425
1514 3819
818 4342
2810 3748
6211 2855
1439 3749
4344 2130
1442 5143
5226 2415
3645 3077
4498 1836
2681 4334
4633 3013
3737 2400
2928 4964
3236 4525
1478 3760
5251 27
3616 88
5491 3304
4227 395
2094 4634
3229 4776
539 4582
3257 6434
2434 4501
2750 6205
4637 2920
3919 1401
5065 1974
6095 1982
6088 2771
939 4402
2329 6012
2495 4062
2815 6212
2708 3679
3216 3635
2002 5786
178 5397
3908 2710
3710 511
5039 2043
4899 1450
3002 5208
5348 32
3851 1290
2919 5913
5787 1763
5219 2524
1798 6587
143 5031
2519 5514
5864 2396
5907 2368
4989 2923
4324 1906
3414 982
4206 909
3410 1957
4947 2642
3163 5943
1163 5886
1277 3507
3160 4476
6471 545
1546 3970
852 5112
3147 5087
499 5213
4491 899
6356 1050
2781 4842
4683 2138
3523 230
3182 4756
521 6655
3835 2015
324 6198
4739 679
2032 3790
2560 3696
60 5666
2958 3549
1638 5061
6247 2959
4328 1474
2793 5992
185 3867
4969 3065
3342 2950
3032 5605
5111 1116
3729 2231
5029 1099
6140 1945
3493 2706
79 6243
1956 4069
5612 1860
1020 6174
405 3791
4512 1449
5550 1321
2239 5696
1189 4023
6538 620
3985 379
3191 4424
1308 6158
3966 2463
4081 1137
988 5389
5282 1800
3667 2506
5769 1842
5349 2796
294 4041
3615 2816
1995 4414
3579 2139
6560 1195
6367 2701
3358 735
2209 5601
5730 2656
5063 1587
4360 461
3511 203
5326 2508
787 3499
3646 2960
6209 1975
3717 3098
4535 1614
4802 1911
3979 1134
3428 3086
1850 5504
4438 267
5905 907
4589 150
6660 133
2839 5428
6583 131
4650 1960
6508 313
5089 1927
6301 2814
3451 1966
4246 1516
4408 2566
1765 4839
3235 5880
358 4845
6639 2932
4277 2242
151 4004
1418 4996
1078 3827
1310 5021
966 3418
4497 1999
5896 1572
2543 5731
2858 6324
4851 469
3447 2230
3911 1309
3197 4403
786 3377
3294 5378
879 6089
1652 5842
3756 240
1053 6588
1782 5222
2351 5471
5584 316
3307 4475
1914 5136
3887 2206
2546 5236
4203 2668
1771 4104
241 4422
24 4643
2232 3446
4364 1344
1577 3754
1379 4045
506 4873
3057 3894
584 4239
2240 4270
6523 1481
2437 5789
1413 6093
489 4165
929 4801
2915 3733
2109 3653
2488 5736
1510 6157
825 4430
1790 3379
4572 2467
1737 3924
4264 791
5430 2733
1749 3828
2422 5758
5201 1738
2802 5709
234 4025
4568 1328
3309 3618
308 4217
5202 2997
3099 4008
4255 1185
3965 2746
5139 3237
3339 998
2111 3785
5189 3006
3670 1252
6258 3261
6509 1506
4908 3144
2502 5261
5643 2273
1349 5996
4847 1303
5749 1616
5288 50
1799 6036
1508 3881
263 4369
6591 1824
2352 4884
5366 1487
5451 2695
2222 5308
6635 2406
3437 515
5268 2536
2984 6242
1097 4266
1768 6227
1979 5661
1885 5016
5241 1410
5649 38
251 6118
918 5120
3458 2749
1056 5518
1289 5053
1822 3755
3899 1907
3588 325
1292 4667
4703 2940
6604 615
6097 297
4286 1794
555 5224
6555 2848
1352 5306
6461 140
3694 3265
693 5160
2518 3449
1950 3865
94 5171
5311 726
5549 1285
2635 6569
5265 947
5133 2878
3318 5340
3195 4640
1868 5863
1019 4407
991 4320
972 3656
6617 1405
196 6496
4222 2801
5368 1507
6006 2613
5116 811
5568 2496
4339 1943
4465 2687
488 6408
70 6576
4034 2797
4798 2836
3974 2360
770 6590
3262 3664
1374 5118
301 5078
2031 3350
4975 2001
207 5413
3856 437
2909 5911
2644 5398
2386 6447
5275 2904
374 5172
5894 1215
3700 1735
4331 25
5995 2930
4468 1595
2831 6366
6065 2870
762 3669
54 3891
1251 4521
6410 1363
5585 2699
120 6284
5677 1828
6519 1502
4082 2512
3597 1702
6117 520
4962 3170
5688 802
867 5662
658 6027
1267 6226
4781 558
4792 2081
5274 1190
863 5641
873 3692
1920 5487
1306 3510
1565 5640
954 5777
2520 5197
2883 6330
2143 5422
1856 3922
2975 3800
407 4469
5060 2887
2552 5590
5246 1968
2782 4820
989 5941
1224 5999
1880 4359
6579 1541
3765 1495
2575 3839
3063 3448
1887 5173
2249 4279
434 3758
2169 5108
6640 2894
4692 127
4913 309
4951 502
1485 4441
4654 2367
1926 5055
1848 3461
4428 1192
3035 5384
2296 6320
5820 964
4012 1582
5664 2448
4439 2289
4202 3273
306 6260
3826 389
4923 2252
1390 4427
1594 5097
987 5963
6193 833
895 5530
4035 1152
387 3552
1733 4409
911 3747
2691 5729
3093 6353
1596 3698
6043 231
4490 1940
5697 534
3721 2339
1217 3353
3094 5470
2734 5402
64 5885
1326 3665
4917 1730
3047 6392
4502 2717
365 5099
129 3460
495 5073
4994 554
2492 3572
1898 6406
1007 6206
5320 204
4182 688
5990 3249
797 5714
1554 5317
4335 955
3433 1796
4886 580
4751 3211
4440 2057
4506 268
3797 2485
6651 2349
5177 2720
1402 5343
4536 3288
2044 4982
3016 5337
1601 4196
4848 2983
1563 6141
2505 5421
6624 2291
6440 2482
2022 6208
2483 6130
4579 2207
5540 646
5382 221
4106 2805
4858 2864
41 5659
4668 1629
2790 4755
3847 1930
2571 6111
1714 6238
3390 1323
6035 3258
1447 5495
1207 5443
1135 4860
952 4235
3319 3695
5126 626
4694 2188
2106 3951
1159 4189
1946 6262
1191 4442
2377 3798
3274 3440
1225 4367
1012 5367
2912 4722
3334 344
3014 3438
445 4624
329 4743
2914 6271
1171 4894
2646 6172
2071 5127
3058 3520
586 3398
1687 3595
3295 5052
1645 3683
72 3996
3916 2133
3811 2999
917 3707
3426 2219
1131 5635
2389 5882
3570 1674
3152 3536
5780 3088
5335 1978
400 5912
3657 1098
5009 2325
5547 1079
1395 4696
3483 1337
247 6309
3183 5839
1795 5537
1406 4921
2261 6090
218 5872
1932 3917
2110 5931
677 3999
2420 4660
2027 6603
5812 61
2337 3736
353 3995
1180 4297
2184 4511
1194 4570
361 4257
6456 628
2323 4419
2338 6486
6303 2433
790 5353
3161 4562
3010 6465
1348 3409
1393 5751
2084 5454
500 5672
421 5221
1633 6314
1923 5386
2129 5977
2907 4112
1045 4565
2255 5431
5534 3204
3741 3073
4065 1770
2226 3545
5058 812
3226 3578
4477 3127
5970 18
1464 4885
2397 5047
1327 3577
2759 5395
1998 4757
537 3925
649 6627
560 3573
1948 4275
2888 5432
1482 5768
1227 3532
3068 3718
6245 1112
1821 4861
1437 5477
5614 719
5336 2616
1336 3812
3711 1939
2410 5908
4282 3221
3435 576
5158 1281
4945 3096
5298 1517
5513 1893
1154 6280
1093 4333
519 3723
644 3553
2092 4314
5186 864
113 3529
2047 4983
116 3977
2104 4372
6077 925
4539 2053
1809 5526
5379 152
4107 1871
5732 237
3180 3459
3386 2880
2981 4583
803 6399
1434 3849
378 5334
1317 4039
3110 3940
4083 2472
3175 3584
197 4910
1894 3863
2046 4600
3312 4965
3291 4493
322 4678
4355 809
1812 6594
940 5708
767 3752
819 5299
3324 4404
595 3546
943 5104
707 5321
6175 3228
373 5083
2276 5565
1611 5901
1657 5576
2297 5329
2468 5705
194 4095
1057 5233
1248 4586
2003 5987
62 6052
2577 4573
1301 6054
1742 4410
781 3439
2977 4911
5675 2121
2269 4556
1320 3975
1564 3632
675 5310
5657 2862
2412 3378
2549 5080
3150 5956
5262 2612
4146 610
239 6492
590 3663
4129 1618
4151 2949
5391 3321
1275 5253
3176 4458
1132 5359
2446 6189
2765 5723
3137 6600
467 5743
3188 5556
2211 4368
1909 4054
1579 5042
425 5988
1240 4992
29 6571
2595 4686
2282 5492
1574 5072
4363 2078
95 5578
286 6540
1592 5833
4644 3172
2531 3955
1615 5106
2631 4379
569 4766
2757 6334
2213 3789
2809 6431
3198 3978
756 3893
3125 4077
6033 2876
1161 5694
4115 751
5847 2533
5738 2102
6055 1138
2380 5865
227 6488
6122 1208
128 5429
1147 4902
674 3366
217 4495
623 5327
49 5810
2645 4958
2584 4611
689 5085
4741 2214
6407 1076
2658 4813
4472 498
4030 663
4780 1747
619 3787
1806 6384
1311 4395
2719 6623
136 5410
1539 6297
5071 3005
5475 1925
1895 4775
1156 6149
4598 745
1025 5157
6497 1300
187 4190
541 5555
233 5754
1844 6318
593 3915
3167 5615
448 6322
170 4289
2934 4418
3278 3956
260 4528
2175 3850
951 4448
142 5450
1095 3581
2314 4724
2556 4938
2829 5704
59 6565
3036 5198
901 6179
3225 4978
1408 5800
2780 6376
414 4015
5011 3039
4770 2683
1083 4300
6413 2679
4872 1489
1861 6161
3263 6542
385 6009
4956 1435
4811 2428
6473 1969
755 3542
3467 2835
843 3976
3492 992
1419 6317
5170 2869
5020 283
676 6535
4327 34
2476 4532
367 3778
3337 2530
2956 5972
6575 2227
1947 5687
701 6470
905 6373
2605 4337
2661 6313
3359 1499
3901 2972
4928 1519
2409 4345
337 4588
2442 5260
1073 4245
53 4003
2808 5485
517 4214
1198 6355
6595 2005
3832 1718
106 3786
592 3466
4675 2927
741 4707
1881 3454
1504 3417
531 5239
1428 5417
318 6482
6196 470
2895 6371
1952 4835
2085 3605
5599 845
3477 2364
2435 6657
1109 4098
4687 3143
4400 2826
10 4455
606 4294
3347 3041
5045 2875
6381 853
5756 1590
3356 2758
700 5005
4972 1955
3601 1695
6459 2834
6514 423
2009 5331
3954 1905
292 4549
6041 396
6307 1853
1430 6620
6511 2778
878 6427
277 6361
963 5536
2193 6553
1396 5285
3079 5985
4204 2849
1431 5284
2195 5781
6599 276
3650 3003
1404 6046
3419 1922
2493 4122
4630 1769
4421 1692
5799 1263
4959 594
2407 4878
1188 4857
1677 4405
6354 1586
5027 2737
5210 2730
938 6183
6287 2008
4759 1642
1353 5667
6468 348
4471 2515
6584 118
2739 6586
3772 462
5816 159
1091 5622
5148 512
1001 5587
1144 4673
3149 4397
996 5767
4664 1033
5719 769
3240 5582
3102 6341
2350 5074
6347 2982
1415 5961
2224 4240
3715 2792
2754 5602
5115 2077
4704 2011
3963 1061
1655 4068
4389 406
2609 3883
3950 2045
6232 936
5479 2300
5724 589
2615 3472
5945 1854
5000 889
5940 2951
6649 3326
1004 5825
5558 2937
4299 1015
4622 2768
6201 342
3836 167
3568 694
3401 2882
1278 3381
411 4305
1178 4616
2313 4174
369 6169
3600 148
3875 1080
6462 2253
1919 6062
856 6288
1944 5269
1569 4881
3070 5307
1043 4319
17 5466
1637 4719
1238 3590
305 5006
1845 4167
2376 5135
1055 4067
1105 4922
5674 1949
2654 3964
1232 3928
6083 2153
709 4290
4150 1220
1355 5795
3250 5921
5823 2988
6524 1205
6023 1603
661 3808
4059 974
3845 382
3519 1104
4677 1214
2589 4557
1459 5759
4714 573
4357 516
2187 3484
854 4665
4127 2461
4348 2621
5914 2151
4094 1249
3739 1789
6370 1699
605 5832
12 6666
3202 6131
2852 5524
1287 5600
2348 3766
1897 5630
1391 5370
2135 5851
83 6057
4064 2567
5068 2328
983 4862
2385 5567
637 5444
1075 6605
5792 300
1175 3702
1829 5184
4218 761
3614 1255
5521 1369
166 6532
2769 4986
965 5791
632 5415
961 6543
1997 6646
1392 5206
2791 5291
4529 1316
919 4963
3256 6418
1412 5796
346 3926
3380 1493
527 5982
333 5166
596 4249
3138 3557
908 3668
2118 3905
364 4138
994 6038
4705 2424
3991 3264
4485 2861
6558 2235
76 5728
5084 1496
4805 2202
1992 4461
740 6664
5950 1913
4825 1707
806 5517
883 5516
1371 4800
6622 2405
4234 912
3244 3643
213 5841
438 6547
2451 6453
665 3624
135 6168
5462 855
1261 6570
3097 3541
653 6614
2900 6005
2643 5933
5930 464
768 3746
2186 4778
696 3544
2459 3734
1302 6246
2910 5271
2196 6236
3128 6108
2112 5199
4119 1706
5857 2770
1312 6333
778 3907
2452 6080
1553 3608
514 5925
1548 4220
2460 6637
477 3505
1567 4325
6104 2738
1560 6099
2787 5683
934 5581
5948 630
5152 1757
4401 722
4157 368
3803 1250
5144 1133
3420 876
4520 2197
3989 363
3959 35
5807 1540
103 3725
4487 1568
5700 2872
3254 5533
6010 3212
1427 3346
6516 2020
3713 1228
1146 3799
2535 5680
6527 398
4612 229
5238 3266
6360 453
2551 4132
2311 3453
2333 4888
2035 4623
3947 2732
5628 115
1473 3628
5026 2943
5788 2254
4253 664
5418 2547
1617 5873
491 5467
872 5121
1420 3655
3146 3914
1760 4343
3889 1732
6040 2200
3617 2899
4178 2303
5957 282
5879 164
813 5532
6398 923
4383 1230
4786 1591
3391 174
3815 3037
5541 137
5862 2967
5916 2103
284 4676
5510 2438
557 5033
2233 4608
3870 728
2968 4309
4545 1631
4273 1613
2176 6534
2263 5544
2029 5748
6528 2147
1273 4500
5998 1651
3762 2760
890 5156
2871 6105
4110 2845
608 4452
366 4554
602 5893
6481 3251
5180 836
3397 3192
5952 1934
5906 2611
3512 1472
4601 2161
3001 5783
5552 2879
3776 1857
5619 1503
4772 3120
4685 2634
4533 585
5553 2818
5200 1877
3671 697
326 6601
3722 36
1387 6026
1673 4053
1772 5910
1811 5096
4274 2491
5890 2066
3411 1067
5563 1029
3443 424
4708 2447
6103 2874
4730 3027
5375 2061
4311 2705
1635 4901
28 5782
6513 2570
428 6210
5024 789
3771 824
4216 2140
5420 2756
6444 2162
1621 5286
1331 6048
1555 3689
2840 3858
2580 5817
1182 6520
2086 5938
1551 4139
6477 783
3193 4306
6061 2124
6648 1937
6507 3043
2666 6653
114 4655
2345 4949
359 5207
357 6365
1087 4184
4578 3224
4877 2068
5983 1754
3388 2550
4009 2004
420 6522
2221 3513
3148 4916
4223 2365
486 6283
3017 3445
5147 823
2843 4831
6618 551
1759 5904
2846 5806
691 4544
6011 3158
4156 3268
5437 795
1584 3387
6230 1941
5889 1150
3327 5216
14 5757
4259 2722
4494 393
1211 5519
97 3530
5928 2357
4453 2648
3674 2017
5939 2395
3253 3606
6350 2659
1002 4137
408 4092
4375 2310
409 6008
33 5150
2714 6220
921 4591
2165 6186
4161 910
317 5682
3816 2534
2806 3912
417 5129
4163 2324
3218 3968
352 4191
273 4689
3367 1888
2305 4296
3194 5050
763 3929
3478 1678
1915 6510
3217 6517
480 5376
6133 84
2398 4659
6343 2192
5883 747
3599 1048
5829 523
4564 1967
4388 1297
6199 3095
4263 1013
2844 5570
2171 4155
3059 5932
6068 2703
4434 727
667 3793
2562 5056
2418 4451
4304 2388
1196 6224
2486 4769
3301 4920
6153 2115
932 5895
1827 6285
6345 1746
3487 238
3374 997
6100 2170
3481 2993
320 5369
6654 3189
2024 4569
5750 1547
4980 1049
1470 3973
3023 4212
314 3642
92 3364
4516 375
3930 1026
6129 1559
5217 603
4823 2827
6120 3166
5137 168
96 5393
5574 1407
2382 5022
3048 6397
1174 6264
5341 2541
4130 1830
6094 821
1373 3564
2603 5586
5853 670
2375 5505
3196 5669
6292 3272
6146 3303
634 5934
5884 3012
5300 1994
201 4474
5693 604
6556 2686
4876 2256
5165 522
5488 2905
497 6529
4287 842
4803 640
4596 1534
3427 1910
5955 903
4892 1518
5703 3151
4723 2355
1552 6611
808 3596
2913 6181
3028 3687
1741 3531
246 4915
4164 1721
5511 687
650 5448
3470 837
1269 6290
621 5088
4652 915
1462 3880
6515 2942
6139 666
1813 5374
1108 4571
1878 4961
6275 1802
5482 2042
1356 3538
2995 4895
4361 1654
5134 2039
5140 3310
5076 528
3685 1672
3770 1121
2850 3444
960 5845
4093 391
5295 1062
3690 1711
4462 1280
31 6029
4076 1445
1357 5805
4787 58
5048 1047
4540 6
5967 2842
1313 3354
3376 2998
2822 4126
1441 6092
742 6121
4942 475
1118 5818
3422 52
2561 6506
90 6045
6613 1872
6037 3074
2097 3820
5109 2873
880 6339
3852 893
4183 1524
4585 2091
6298 2903
746 3559
4537 1662
3987 1140
5328 2203
269 4560
4590 1016
4238 1077
5580 550
5878 402
1457 5671
6178 1874
6091 2582
3750 2941
4653 1573
2610 5161
1858 6084
4614 2711
4827 2416
5609 3311
1334 4105
4748 1583
533 5404
2198 4518
2361 3841
729 6329
730 6315
4874 784
5801 2248
973 6435
759 5457
2884 6388
2614 6577
1729 6124
2704 4231
3720 739
3807 636
1295 4837
3248 4524
2212 3681
538 6489
4131 264
435 4587
4073 180
1902 4148
4201 844
3372 2857
6132 2600
4936 2741
4446 773
4806 3089
3897 3222
5528 492
5182 23
3677 2976
5267 245
5764 2926
2987 4332
5187 892
5535 3220
6259 532
2481 4429
6566 2601
5067 1009
3494 2651
2559 6518
946 4123
2952 3452
2830 4415
5974 2606
3586 436
1958 6001
3728 1558
3604 1668
828 5821
5686 710
1008 4763
5899 3004
6391 832
1200 4732
2598 6044
1938 4352
959 5228
3050 6326
2058 5155
2331 6136
5529 3246
1755 3593
6143 2974
2933 5515
2856 5394
1197 4749
877 4822
3109 5095
1585 5991
1921 4875
1014 4088
2278 6182
2142 4031
5283 2662
2387 4109
1723 6493
2268 5571
6643 1443
3998 1451
1659 3909
3587 446
5627 886
4149 950
3502 682
4154 995
1266 6059
857 6000
452 5710
3854 1734
5070 468
4999 599
4398 2898
1068 5049
6499 601
6476 1728
5917 1981
3455 1890
5639 40
6219 2807
3384 612
4865 1245
6405 130
4883 3031
5483 2093
1347 6254
598 4426
6552 1641
458 3352
4180 2980
3503 2069
5153 248
6266 1762
3540 1054
4443 3165
3554 89
5986 1257
3627 1599
6170 1758
3527 1776
6049 2599
1052 3923
3857 681
5243 2156
5309 609
4460 564
2892 3561
4774 1386
6269 1494
5651 1044
6483 2436
5734 1531
1031 5424
4329 2030
5461 1896
6474 3322
4960 2761
581 5252
5761 2665
5442 2471
380 5850
6195 3230
5596 2798
1656 3349
6304 2655
3649 897
5244 1649
4971 2159
439 4158
1665 6612
672 4425
535 3567
2973 3714
1816 4758
186 5861
3742 340
3116 3533
265 5924
2588 5869
2594 5909
1538 4900
579 5425
2304 4765
3306 3873
2676 5231
3101 4927
1704 5927
2948 5824
5162 1963
3412 182
3848 481
6484 3064
5258 706
875 5363
6173 1852
466 3712
372 5023
509 3680
6630 1525
209 5196
3846 2729
5962 850
1074 5978
2294 6545
343 6530
4553 82
191 5066
362 6272
5813 1779
788 4027
2902 3806
3271 4213
552 3859
3837 627
2419 3703
1305 5858
1892 5793
6160 249
948 3730
2006 6017
690 5419
6064 2096
5215 1429
4882 2055
4829 258
5396 962
6593 482
705 6116
1170 6336
99 5438
882 4649
648 3784
2317 4870
2713 3941
4700 3052
2685 4087
3308 3745
4103 2402
5110 2990
6531 577
4229 639
3898 1698
1527 3495
252 6106
3292 4547
1223 4933
1492 5075
6067 549
1307 4143
298 5041
2544 6662
6293 1542
4350 2404
5003 1535
5968 712
4815 2090
2604 5472
4907 3134
3368 750
3817 1918
1600 5525
4047 2117
3486 2336
4116 3297
1491 5652
1523 5101
6619 967
613 4312
1663 6421
2678 6562
5151 2602
3834 3113
5623 2953
3726 504
4480 1010
4370 616
4078 21
3075 3654
4118 1530
4538 1082
4856 1128
440 4070
847 4937
1298 6458
3515 1173
3281 6138
984 4504
1908 5809
4541 898
3024 5648
4326 2991
388 5051
74 5292
2315 5735
2860 6331
3199 5081
5195 1417
3060 4620
2392 4804
971 4809
1664 6412
2726 3961
2847 5064
3365 1670
760 4310
3245 4292
330 3775
1537 5658
510 6390
4727 505
1339 5490
2500 3860
1788 4849
5460 1204
5498 3140
4943 1703
5038 302
175 5670
5365 2441
2497 5486
4232 2985
2026 3357
1124 4014
2803 5192
5954 2525
5699 2721
4514 2626
638 4812
2557 3878
6228 2050
2513 3471
3528 568
3768 2511
1512 5509
4954 2250
6378 2731
1446 5169
2095 5107
1166 4695
3156 4559
530 6022
6443 2811
652 4715
1543 5876
2465 5702
26 4390
2473 6310
5323 1676
63 5778
2023 5944
1640 5971
165 5361
2309 5815
1883 4794
6479 2060
4362 529
6539 2359
4912 704
4450 540
5981 2890
5542 1270
3724 371
2591 6574
6311 2150
5794 933
3560 2489
2089 3821
2010 4340
4251 2327
2145 4734
804 4482
2939 4256
2745 4056
2498 4987
19 3682
5629 2223
3403 13
2794 5684
1690 6291
3788 2413
1820 5270
6250 1325
4060 418
6386 354
1085 5638
427 5960
5008 1866
1041 5679
1455 4384
3640 2464
4955 2287
2041 6631
1869 5333
4918 3091
5752 1291
4852 87
5452 633
6402 1696
1671 6436
6573 1222
6387 1378
1436 4674
624 3524
1141 5145
5744 1882
1838 5739
2911 4423
2285 6650
2237 6316
6114 3299
1865 5356
6319 695
2474 5123
2628 6282
1715 6466
6069 1862
5469 3233
5245 2217
2590 5828
2262 5747
3743 866
4347 1712
6536 985
6276 1626
6597 1498
3413 1304
4713 2049
4863 1879
6030 1123
6151 942
2146 6439
4354 3056
2394 5272
5784 2251
1593 4909
5935 820
6582 3087
232 5636
548 5745
1229 3735
513 6047
479 4168
2344 4970
5338 1176
4592 1778
2924 4744
6159 2578
2293 5388
1409 3373
1605 4185
496 6070
5611 2963
2866 3888
2166 4648
5154 588
2736 3382
331 4242
93 6203
4635 708
3763 896
370 4988
5975 1904
4175 2321
1607 5266
2149 3396
6561 1536
4358 1359
5281 2528
5408 2766
2025 4880
5234 542
3243 5305
5803 793
547 6525
6207 2301
1162 5086
2332 4186
5808 487
1647 5830
5579 635
6578 3219
39 5712
5506 1333
5642 2399
5607 2804
5237 2728
4048 1713
6337 105
4120 2555
432 4867
4038 2504
3647 1360
6244 1627
3496 460
4656 1953
5561 1980
4317 1397
5819 1164
3525 1006
5205 2070
4170 235
4784 617
5887 2007
3316 6014
2637 5264
3637 208
5440 1157
6340 1458
4236 328
6422 355
1262 4037
2390 4382
2114 6071
1475 6521
4957 1113
4057 189
5598 254
2295 6152
188 5339
1859 5707
1398 4226
1658 4981
724 4919
1962 3958
2277 4002
6279 1219
4207 2108
4853 339
3108 6394
1971 6078
3740 1716
4215 785
184 3935
2970 3731
583 3394
582 4941
2921 6233
2724 4669
2837 4754
156 4044
5373 1314
4192 2033
4392 8
3369 834
5276 2271
4085 2509
3067 5188
2259 6221
2514 3972
3622 3231
6187 2573
6234 1805
1051 4712
5223 1471
6438 2945
1212 6296
4785 1236
4914 327
711 3804
6452 3055
4810 3241
5277 2901
6429 865
4267 447
5546 1775
1740 3822
262 6500
2427 4195
4488 2028
1115 4507
5484 2916
5346 1886
5350 1143
6628 733
9 4721
1604 3903
953 6177
3203 4658
2190 6257
3344 2298
5835 1666
5007 2762
1847 4029
2641 4269
6150 928
703 6218
4631 1528
5827 2597
6119 3053
1490 4225
4779 1931
6348 1126
5603 2450
4181 1385
2572 6098
3796 66
5785 1477
4746 3260
4699 2120
2148 3551
831 6332
293 4790
5831 1505
999 6433
2363 3464
859 4373
6223 2716
4484 3081
3173 6395
384 4558
2158 5980
1332 3566
4159 645
2587 4478
3133 5846
471 3613
1683 5433
490 5436
2671 6229
4717 3267
6197 758
1679 4144
3038 5804
5103 1571
4323 173
111 5790
1258 3562
1340 6480
779 5358
2563 5377
3485 3215
5631 81
4503 3007
5342 288
1686 5822
5624 272
4219 2779
1064 4432
3416 2173
336 5685
1483 4365
104 4709
5692 1376
3044 4391
1609 5843
2929 5385
5214 2581
4481 3206
3678 1035
6541 121
3877 2653
4102 386
3862 1835
1694 3813
3871 426
3904 2755
6302 553
4752 1612
3639 2067
1247 6369
6504 2526
3408 2286
5414 216
419 5900
2542 3960
5030 48
1100 6403
1024 4252
2938 3641
4636 1414
718 3395
2320 4690
2823 5409
1172 5229
4024 2564
2373 3662
2056 4603
2431 3774
2753 5870
1972 5142
1529 5380
2854 5892
2568 4997
4561 764
3018 4710
5423 2718
5273 2859
3104 5741
1488 3823
6204 835
4228 410
757 4799
6636 2743
1681 6123
4028 3286
3518 3040
5564 3141
4662 2650
6135 669
5387 2946
6286 2274
5178 77
1479 5004
430 5014
5591 1283
4330 2021
3869 559
2013 5856
2260 4091
4546 2426
1916 4111
2168 4760
158 6393
4646 3123
6494 1566
4080 2670
2625 5174
920 3489
1452 6537
2576 4284
1027 3648
244 6240
2458 4697
1324 4891
1444 5025
5595 473
4830 85
2955 4711
5844 562
220 4308
849 5915
716 4147
805 4563
3305 3543
4663 1787
2134 6475
3015 5351
2018 3463
132 4022
4445 566
5 3801
2677 4141
2800 5254
2244 6526
2487 5465
2820 4258
1783 3400
2283 5531
100 4808
6185 465
3343 2079
3083 5194
1299 4433
4188 2267
4684 1081
5854 772
6148 1484
4618 2596
5979 1606
4000 2455
3644 1784
4762 350
6568 1817
4702 3329
4396 1000
526 3535
6362 1354
1639 6263
4577 838
6306 1454
949 5737
4099 91
6358 2280
4731 2429
3673 3092
2160 6180
2785 3571
4979 1101
5497 2334
5401 2752
3280 4417
3399 1155
3910 149
2652 3430
4552 597
2537 3569
157 3362
485 4566
3186 6165
1777 5953
4431 3208
1276 3594
2107 5663
4508 1608
1588 5383
109 3833
1084 3468
295 4210
2379 5665
1268 4316
6503 752
20 4720
4416 2308
6359 2992
4681 2372
4413 1167
5093 169
3320 5502
749 6445
6441 816
112 6107
2825 4250
3351 3214
138 3582
476 4125
2393 5503
5360 394
2189 3853
219 4593
2340 5773
2247 5507
4298 2747
1486 4613
1368 4864
3080 5575
2318 5726
1511 5354
2767 4466
814 4254
2947 4818
161 3589
2381 3634
4816 1092
2439 3393
193 5227
6554 1810
578 4750
5313 1497
5250 3090
1959 5057
2062 3434
777 3556
5124 1254
1114 5132
5141 472
5645 3084
1193 5128
1797 5082
404 4086
1040 6051
1780 6031
2234 3890
5592 1433
3693 3227
1697 4639
3701 525
3375 1216
4797 3154
4767 202
2693 4205
1743 6007
565 3932
508 3896
2772 5918
1942 4142
3465 829
377 4889
2152 3598
543 3864
3119 4366
2241 3476
5721 46
3442 1226
6166 2425
123 4173
2478 5496
3638 3238
4356 1863
2423 3686
1469 6563
3751 210
1924 5621
3201 4854
2622 6013
3830 1785
2817 4007
73 4387
563 3943
1260 6190
5589 1456
4745 2082
4609 2539
45 6274
5297 1102
4243 930
134 3997
1440 6548
110 4953
1122 5091
6642 3259
686 6308
906 5848
250 5435
303 6557
4795 1650
683 5613
3066 6645
3944 922
190 5357
2342 5993
1184 4738
3142 6416
1761 6374
1522 5102
2877 5256
3716 3129
1556 5046
1090 5449
980 4985
2215 4097
1532 5874
1399 3402
2697 4939
2312 5179
2863 4072
3900 319
347 4555
1231 3436
2812 5098
450 4887
1199 5997
2177 5775
1781 3855
160 4517
1961 3994
654 3769
6396 861
483 3777
3155 3779
3121 4063
6115 2183
3651 3100
3719 1973
2479 4050
3555 2865
3802 3279
2660 3490
2101 6467
2100 3345
1993 4281
3169 6629
737 3498
433 3415
1416 6216
692 5290
4764 15
2657 4128
381 4670
2630 6032
1465 6647
3992 2105
2908 3672
776 4447
5617 656
4846 2369
2038 3948
1990 6024
3022 6638
1284 5324
3205 5287
4838 1873
1096 5263
1849 4456
4268 376
6375 1544
6450 556
5937 1693
145 3658
4946 2623
3187 3630
2257 5493
2167 4133
2326 5545
478 4977
3331 5994
1767 3675
1991 5919
6551 945
4302 1218
1576 5494
6585 456
3913 1736
6050 1209
1030 3488
2629 3783
2141 6449
4197 117
454 3984
839 6400
1011 4005
4581 3282
3029 5501
2064 5446
3019 4052
383 4033
717 6249
2885 4834
2819 5588
1667 4973
1106 5279
2290 6491
67 6086
222 5656
744 5278
1187 6335
888 3876
310 3385
6202 2532
6425 2786
278 5400
3838 155
1165 4718
1322 5647
3034 3432
3592 1900
4307 3131
1832 6213
1066 4385
1315 4011
5637 536
4688 979
1202 6325
5114 1021
1130 6363
2538 6154
4995 1181
215 5355
6253 2000
4828 3185
6072 1840
4736 162
6663 3275
3688 1286
3706 1125
5969 1624
1330 6042
1335 5923
1272 5897
4199 102
4016 312
3516 1989
4176 1271
5035 801
4283 904
4483 98
3895 2527
3171 5634
2366 5557
4244 1833
5332 2740
4394 1065
5499 775
4966 253
4841 885
5802 713
2936 4042
680 4515
3805 860
6351 1804
1602 6633
125 3844
2484 3539
5304 3126
5176 2507
5722 271
815 5249
3522 3103
5572 1700
1575 6155
4733 868
3660 101
1722 6460
5604 993
5762 2414
4789 2627
5610 2682
3563 3290
457 5062
139 5392
6596 2922
1382 6191
4926 614
4043 65
226 6058
5838 2516
2517 5240
518 4628
780 3874
5646 335
4777 55
6164 2774
1653 3795
6472 199
1855 5836
1526 3558
1351 5018
1103 4666
1476 4595
1851 4224
